Confusion Matrix:
TP=156 FN=48
FP=6 TN=194

Accuracy: 0.8663366336633663

FMR: 0.03
FNMR: 0.23529411764705882

Precision: 0.9629629629629629
Recall: 0.7647058823529411
